6.722 2.901
7.660 3.098
8.795 2.923
8.926 2.910
9.144 2.905
8.512 2.896
9.537 2.948
8.926 2.917
9.385 3.012
10.410 2.871
10.759 2.843
12.156 2.828
9.887 2.915
12.265 2.892
12.440 2.862
13.160 2.918
14.164 2.727
15.954 2.700
16.849 2.596
16.979 2.517
18.136 2.408
17.460 2.622
19.664 2.513
19.511 2.471
18.289 2.513
22.305 2.338
22.610 2.214
22.850 2.331
24.618 2.245
24.967 2.352
27.608 2.195
26.801 2.333
27.499 2.210
13.378 2.946
25.164 2.255
28.568 2.128
29.900 2.121
31.384 2.178
29.900 2.184
29.027 2.373
30.445 2.127
30.663 1.915
34.090 2.029
31.100 2.272
31.842 2.147
33.741 1.941
35.268 2.004
36.578 2.055
35.465 2.025
36.054 2.195
35.007 2.228
31.733 2.244
35.836 1.981
36.491 2.039
36.753 2.149
37.342 1.962
37.822 1.973
37.211 2.151
37.276 2.069
37.604 2.083
38.913 2.012
40.594 2.161
39.481 1.995
39.044 1.953
32.759 2.191
37.778 2.106
40.113 2.007
41.729 1.783
40.113 1.950
36.818 2.046
41.248 2.065
41.532 1.856
41.096 2.042
40.943 1.930
41.903 1.967
41.357 1.989
42.711 1.890
39.568 2.046
41.969 1.923
43.867 1.787
42.121 1.988
43.365 1.752
42.187 1.997
43.344 1.871
14.710 2.929
40.550 1.794
43.344 1.699
43.518 1.837
42.012 2.030
42.645 1.729
43.998 2.041
44.937 1.804
44.216 1.645
45.199 1.828
43.649 1.901
43.976 1.809
43.300 1.673
41.401 2.065
43.998 1.750
43.889 1.830
46.203 1.882
43.300 1.800
43.431 1.786
45.744 1.734
46.290 1.757
44.064 1.707
40.332 2.015
46.399 1.741
44.959 1.830
44.086 1.975
46.574 1.729
46.137 1.655
47.490 1.649
46.530 1.894
45.897 1.871
47.054 1.804
45.941 1.808
46.530 1.689
46.792 1.813
46.508 1.683
46.290 1.666
44.500 1.850
45.788 1.810
48.843 1.740
46.988 2.040
45.788 1.765
47.490 1.924
47.468 1.690
47.599 1.672
48.232 1.662
45.417 1.963
49.323 1.789
48.996 1.719
47.643 1.828
47.337 2.013
48.843 1.875
48.821 1.832
47.905 1.848
47.621 1.653
50.262 1.970
46.835 2.028
48.974 1.747
49.694 1.696
48.560 1.722
49.498 1.575
48.909 1.911
46.508 1.698
49.847 1.823
48.909 1.819
50.109 1.819
49.171 1.879
50.415 1.691
49.978 1.916
46.901 1.757
51.484 1.792
49.607 1.612
50.436 1.788
50.764 1.769
50.742 1.825
51.615 1.647
50.960 1.602
51.440 1.910
52.182 1.906
50.611 1.734
41.554 1.944
51.462 1.814
50.415 1.555
49.716 1.662
34.395 2.180
51.222 1.768
50.458 1.700
53.099 1.825
52.946 1.748
51.724 1.582
53.470 2.008
48.429 1.877
51.899 1.854
50.655 1.852
49.825 1.735
48.691 1.818
52.423 1.684
53.514 2.062
52.444 1.640
50.764 1.679
48.734 2.010
53.383 1.678
51.506 1.576
52.030 1.874
52.728 1.713
38.149 1.870
52.270 1.580
52.226 1.713
47.708 1.747
43.322 2.133
53.296 1.897
52.401 1.831
53.994 1.676
50.458 1.619
51.615 1.974
53.077 1.528
53.230 1.588
51.440 1.703
53.557 1.671
52.095 1.611
52.226 1.659
53.252 1.815
44.828 2.497
52.553 1.581
46.552 1.624
53.426 1.662
52.423 1.770
54.518 1.843
53.186 1.765
50.982 1.567
54.234 1.704
20.384 2.627
39.306 2.074
47.403 1.844
44.347 1.741
41.510 2.125
50.873 1.701
52.924 1.806
53.579 1.874
55.129 1.643
48.254 1.950
52.182 1.777
53.296 1.817
53.732 1.807
52.663 1.660
53.579 1.622
51.811 1.737
52.903 1.549
52.117 1.640
52.706 1.747
53.841 1.957
53.470 1.643
54.867 1.734
54.387 1.798
53.536 1.513
53.732 1.618
39.371 2.228
53.230 1.761
52.161 1.895
54.365 1.706
55.500 1.651
56.111 1.457
54.692 1.468
54.823 1.785
55.260 1.731
54.212 1.650
54.583 1.610
56.002 1.930
56.089 1.643
56.045 1.551
54.387 1.710
55.609 1.571
56.722 1.644
51.113 1.599
53.492 1.689
53.841 1.542
56.024 1.690
53.405 1.630
52.597 1.453
55.238 1.508
55.347 1.760
56.809 1.855
54.583 1.818
56.067 1.484
52.226 1.837
56.416 1.717
40.615 2.016
48.909 2.082
52.030 1.689
54.256 1.626
49.782 2.034
54.430 1.613
56.373 1.662
54.845 2.248
55.936 1.430
55.456 1.544
56.307 1.683
41.641 2.184
55.391 1.517
57.311 1.767
55.456 1.896
53.274 1.585
46.792 1.739
56.351 1.758
55.827 1.579
55.543 1.585
56.853 1.567
56.613 2.012
55.980 1.436
56.220 1.746
55.238 1.770
57.180 1.772
57.027 1.542
57.639 1.431
57.115 1.758
39.175 2.178
