9.36272370144042 2.6360061168670654
18.9873417721519 2.702475070953369
24.858140549978174 2.3254902362823486
28.655608904408552 2.571323871612549
28.611959842863378 2.4208781719207764
30.31427324312527 2.328885555267334
37.36359668267132 2.3680636882781982
39.000436490615456 1.7040003538131714
40.20078568310782 1.871894359588623
43.8018332605849 1.5741888284683228
43.51811436054125 1.5679757595062256
39.37145351374946 1.759083867073059
45.8533391532082 1.5912171602249146
47.11916193801834 1.5934330224990845
48.82147533828023 1.3353080749511719
51.964207769532955 1.7999546527862549
54.29943256219991 1.5918149948120117
55.543430816237446 1.9911192655563354
60.03928415539066 1.3010282516479492
60.17023134002619 0.9696649312973022
61.632474901789614 0.788279116153717
64.75338280226975 1.4491113424301147
65.18987341772153 0.8899786472320557
64.60061108686163 1.1965094804763794
62.74552597119162 1.2787501811981201
69.1837625491052 1.470463514328003
68.50720209515495 1.1494961977005005
68.0488869489306 1.3992210626602173
70.34046268005237 1.0548739433288574
71.16979484941074 0.8660864233970642
71.12614578786555 1.2826323509216309
68.46355303360978 0.9872415065765381
71.56263640331733 0.9747768640518188
71.64993452640768 0.656207263469696
73.15582714971627 0.5081580877304077
74.87996508075076 0.9533531069755554
72.69751200349192 0.8925174474716187
74.50894805761676 1.4924633502960205
74.66171977302488 0.7354299426078796
73.74508948057617 0.808779239654541
77.67350501964208 0.8495729565620422
78.65560890440855 0.7316423654556274
77.38978611959843 0.9520895481109619
73.24312527280664 1.1590569019317627
78.98297686599737 1.2223076820373535
74.81449148843299 0.7196905612945557
77.30248799650808 1.0949840545654297
79.57223919685727 0.4411308169364929
78.61195984286337 0.8135537505149841
74.85814054997817 1.1451383829116821
79.28852029681362 0.7124859094619751
76.99694456569183 0.6882361769676208
77.32431252728065 0.5258951187133789
79.96508075076386 0.47107043862342834
79.8996071584461 1.3508267402648926
79.61588825840245 0.9200096726417542
81.29637712789174 0.833311915397644
77.34613705805326 0.2842327952384949
79.1575731121781 0.5633683800697327
80.8162374508948 0.5564373731613159
81.12178088171105 0.5905045866966248
80.55434308162374 0.8018046021461487
78.87385421213445 1.0874950885772705
80.03055434308163 0.3126322031021118
81.7765168048887 0.4352409243583679
79.87778262767351 0.7330030798912048
77.82627673505019 0.453856498003006
81.62374508948058 0.6859918236732483
81.31820165866434 0.24921901524066925
80.6416412047141 0.9310204982757568
81.14360541248364 0.9862030744552612
79.3321693583588 0.7363099455833435
82.30030554343082 0.7231619358062744
82.21300742034046 0.5921828150749207
82.8895678742907 0.7914053201675415
82.73679615888258 0.8845828771591187
80.0742034046268 0.03887771815061569
83.56612832824094 0.6462088227272034
82.1475338280227 0.6178126335144043
80.75076385857705 0.668608546257019
84.06809253601047 0.8152010440826416
83.78437363596683 0.8681902885437012
81.07813182016586 0.7892230749130249
82.84591881274552 0.6247090697288513
84.17721518987342 1.1959466934204102
81.55827149716282 0.47686848044395447
83.52247926669577 0.5194627642631531
83.63160192055871 0.22928619384765625
82.16935835879528 0.14046543836593628
82.64949803579223 0.4906696379184723
83.34788302051506 0.4128059148788452
83.17328677433436 0.7702938914299011
82.91139240506328 0.40446361899375916
83.50065473592318 0.2307102382183075
82.43125272806635 0.6756854057312012
79.48494107376692 0.5972011685371399
84.87560017459624 0.5770881175994873
83.30423395896989 0.4450209140777588
85.09384548232212 0.7643612623214722
84.04626800523789 0.6253745555877686
83.32605848974246 0.798240065574646
83.87167175905718 0.5608623027801514
84.0244434744653 0.8759122490882874
82.82409428197293 0.20158928632736206
84.3954604975993 0.856983482837677
83.23876036665212 0.6912692189216614
82.21300742034046 0.45546290278434753
85.09384548232212 0.45438042283058167
82.58402444347446 0.6744662523269653
86.11959842863378 0.33498290181159973
84.24268878219118 0.34843072295188904
83.17328677433436 0.29663190245628357
85.29026625927543 0.32368484139442444
83.65342645133128 0.590761125087738
83.8061981667394 0.7164350748062134
86.92710606721955 0.29486918449401855
84.74465298996071 0.5196827054023743
85.68310781318202 0.2295057624578476
86.18507202095155 1.3177531957626343
85.44303797468355 0.43482455611228943
84.11174159755565 1.0983234643936157
85.05019642077696 0.7699835896492004
85.3557398515932 0.5185120701789856
83.65342645133128 0.36225342750549316
86.31601920558708 0.2300131469964981
84.28633784373636 0.7362149953842163
84.7883020515059 0.7945847511291504
83.2824094281973 0.4520101547241211
86.6433871671759 0.8147109150886536
85.66128328240943 0.7082480788230896
85.44303797468355 0.5855767726898193
86.4687909209952 0.5844058394432068
86.44696639022261 0.7173218727111816
86.40331732867743 0.33239445090293884
85.68310781318202 0.24626712501049042
86.6433871671759 0.44055402278900146
85.5085115670013 0.15852272510528564
85.57398515931908 0.26574814319610596
84.91924923614143 0.6007791757583618
83.02051505892624 0.6037786602973938
86.70886075949366 0.3425065875053406
86.42514185945002 0.7980273365974426
85.29026625927543 0.18951155245304108
84.96289829768659 0.5673076510429382
84.85377564382365 0.36774107813835144
85.87952859013531 0.4992890954017639
87.05805325185509 0.3721684217453003
87.2108249672632 0.4975850582122803
81.36185072020952 0.7192342877388
86.53426451331296 0.25389716029167175
87.56001745962462 0.7255690097808838
86.03230030554343 0.6096351742744446
86.53426451331296 0.6344103813171387
86.55608904408555 0.5408079624176025
80.66346573548668 0.304391473531723
87.42907027498909 0.3182086646556854
87.9746835443038 0.17992103099822998
85.42121344391096 0.4749711751937866
86.6433871671759 0.8748725056648254
87.51636839807944 0.4858699142932892
87.49454386730685 0.2674855887889862
85.77040593627237 0.3371118903160095
87.80008729812309 0.29629290103912354
88.04015713662156 0.26179707050323486
88.5421213443911 0.4656132459640503
86.62156263640331 0.3433340787887573
85.92317765168049 0.5902326107025146
86.68703622872108 0.5394172072410583
87.25447402880839 0.565680980682373
88.41117415975557 0.5977300405502319
87.99650807507639 0.12762054800987244
86.6652116979485 0.6908484697341919
86.79615888258402 0.5758564472198486
86.49061545176778 0.27551180124282837
84.6137058053252 0.40932437777519226
87.4072457442165 0.7206779718399048
88.43299869052815 0.31161391735076904
87.38542121344392 0.20666161179542542
81.34002618943693 0.1997155249118805
88.43299869052815 0.1402074545621872
89.1095591444784 0.5033381581306458
88.97861195984287 0.4565105438232422
85.5303360977739 0.16431891918182373
88.32387603666521 0.6817426085472107
86.20689655172413 0.3814909756183624
88.30205150589262 0.30990639328956604
85.87952859013531 0.6619597673416138
87.56001745962462 0.2639935314655304
87.25447402880839 0.2884185016155243
88.80401571366215 0.22475045919418335
87.82191182889568 0.922599196434021
85.63945875163684 0.49651777744293213
88.25840244434745 0.3243928551673889
85.79223046704496 0.3904567062854767
88.28022697512003 0.4553813636302948
87.2326494980358 0.18545261025428772
88.93496289829768 0.4323796033859253
88.82584024443474 0.19518493115901947
87.82191182889568 0.4679018259048462
87.84373635966827 0.09459513425827026
87.25447402880839 0.46406322717666626
89.61152335224793 0.19534602761268616
86.16324749017896 0.3027348816394806
88.62941946748145 0.6667284965515137
89.4587516368398 0.34590983390808105
86.42514185945002 0.7188636064529419
89.72064600611087 0.43216025829315186
88.10563072893933 0.27622970938682556
86.55608904408555 0.7110845446586609
89.37145351374946 0.4754880666732788
88.86948930597993 0.3121322989463806
86.14142295940638 0.39270758628845215
88.84766477520733 0.18682461977005005
88.3675250982104 0.6439680457115173
88.7385421213444 0.5888432860374451
88.69489305979921 0.3489868938922882
89.21868179834134 0.5669601559638977
88.7385421213444 0.2703423798084259
88.41117415975557 0.3393245339393616
89.06591008293321 0.2056126445531845
88.93496289829768 0.6096331477165222
88.69489305979921 0.6615236401557922
88.45482322130074 0.01218752283602953
88.62941946748145 0.3859327733516693
88.58577040593627 0.27562007308006287
82.43125272806635 0.7500909566879272
86.8398079441292 0.5053766369819641
89.67699694456569 0.4930155277252197
90.63727629855958 0.4800078570842743
88.7167175905718 0.3440815806388855
90.13531209079004 0.27325439453125
89.43692710606722 0.5234227776527405
86.03230030554343 0.5363934636116028
87.71278917503274 0.4980921447277069
89.56787429070275 0.6171070337295532
88.7167175905718 0.2677311599254608
90.09166302924487 0.13847166299819946
87.34177215189874 0.39254337549209595
89.4587516368398 0.3766588568687439
90.30990833697075 0.38904571533203125
89.43692710606722 0.4030996263027191
89.4805761676124 0.2834486663341522
88.82584024443474 0.6383277177810669
88.23657791357485 0.3043283522129059
89.54604975993016 0.46537619829177856
89.74247053688346 0.40688949823379517
88.38934962898297 0.3428865373134613
89.74247053688346 0.4310658574104309
88.41117415975557 0.24311597645282745
88.80401571366215 0.5081807374954224
90.26625927542557 0.4386563003063202
89.96071584460934 0.30860522389411926
88.86948930597993 0.4798043966293335
89.74247053688346 0.37323248386383057
88.7385421213444 0.32490333914756775
89.65517241379311 0.6994071006774902
90.11348756001746 0.3764873743057251
89.8515931907464 0.3257361948490143
90.65910082933217 0.2251078486442566
89.80794412920122 0.22420521080493927
89.2623308598865 0.45421433448791504
87.45089480576168 0.41999348998069763
89.63334788302052 0.2522872984409332
89.80794412920122 0.2904863655567169
89.80794412920122 0.2080058455467224
91.1828895678743 0.4500875771045685
91.11741597555653 0.8516929149627686
88.67306852902662 0.5789480209350586
90.9646442601484 0.2724509537220001
90.39720646006111 0.5050022006034851
88.08380619816674 0.6636781096458435
89.17503273679615 0.04556950554251671
89.98254037538193 0.31523898243904114
89.37145351374946 0.315433144569397
89.00043649061546 0.34683504700660706
87.25447402880839 0.28673699498176575
90.57180270624181 0.08505357801914215
90.4408555216063 0.2123974859714508
91.16106503710171 0.5407140254974365
91.13924050632912 0.5558155179023743
90.94281972937583 0.14037106931209564
89.56787429070275 0.1661832481622696
89.4587516368398 0.40885138511657715
88.12745525971192 0.3252319395542145
90.04801396769969 0.4232673645019531
90.28808380619817 0.2302851676940918
90.72457442164993 0.306464284658432
89.67699694456569 0.23035867512226105
90.5936272370144 0.30667924880981445
90.04801396769969 0.3083226978778839
89.91706678306416 0.3159187436103821
89.41510257529464 0.19968783855438232
90.4408555216063 0.46136707067489624
86.86163247490178 0.25114205479621887
89.2623308598865 0.3590727746486664
91.24836316019206 0.33309340476989746
89.93889131383675 0.30060872435569763
90.72457442164993 0.19625194370746613
90.5936272370144 0.05345718562602997
91.29201222173722 0.20529547333717346
